66 588
70 342
71 106
112 57
417 53
802 52
1226 50
1286 53
1340 112
1344 334
1296 379
1201 385
1041 385
950 311
947 209
956 93
924 54
748 52
691 80
703 179
701 290
639 363
557 414
498 468
516 541
583 623
653 663
681 773
680 872
640 941
640 941
498 942
345 937
154 939
69 868
66 724
68 627
114 576
295 559
424 552
517 537
499 479
435 368
389 254
401 190
414 110
398 60
150 53
71 111
72 215
90 311
189 325
286 299
377 261
416 317
499 447
731 336
843 336
961 359
1050 412
1040 516
985 590
948 645
1004 684
1079 699
1241 710
1323 695
1336 756
1333 915
1247 948
1115 938
1079 861
1097 760
1048 699
909 661
791 661
669 657
686 813
693 925
792 947
930 937
1079 933
1056 701
922 663
778 665
624 639
523 548
365 551
161 571
68 589
